19850101	 -100	 -144	    0
19850102	  -56	 -139	    0
19850103	   11	 -111	    0
19850104	   39	  -89	    0
19850105	   89	  -83	    0
19850106	  111	  -67	    0
19850107	  100	  -50	    0
19850108	   78	  -50	    0
19850109	  -33	  -89	-9999
19850110	  -61	 -167	-9999
19850111	  -78	 -211	    0
19850112	 -156	 -272	    0
19850113	 -111	 -256	    0
19850114	    6	 -144	    0
19850115	  -44	 -183	    0
19850116	    0	 -139	    0
19850117	   17	 -122	    0
19850118	   56	 -111	    0
19850119	   39	 -100	    0
19850120	  -89	 -261	    0
19850121	  -67	 -189	    0
19850122	  -33	 -172	    0
19850123	  -44	 -144	    0
19850124	   22	 -144	    0
19850125	   56	 -111	    0
19850126	  -67	 -117	    0
19850127	   17	 -100	    0
19850128	   17	 -133	    0
19850129	    6	 -128	    0
19850130	   17	 -161	    0
19850131	 -156	 -267	   20
19850201	 -128	 -272	    0
19850202	 -128	 -278	    0
19850203	  -78	 -239	    0
19850204	  -67	 -178	    3
19850205	 -117	 -233	    0
19850206	  -94	 -233	    0
19850207	  -72	 -261	    0
19850208	 -106	 -256	    0
19850209	   -6	 -128	    0
19850210	  -17	 -117	    0
19850211	  -83	 -189	    0
19850212	  -11	 -183	    0
19850213	  -11	 -156	    0
19850214	   28	  -94	    0
19850215	   33	 -133	    0
19850216	   44	 -111	    0
19850217	   56	  -72	    0
19850218	   56	  -56	    0
19850219	   56	  -44	    0
19850220	  106	  -33	    0
19850221	   78	   11	    3
19850222	   61	  -39	    0
19850223	  100	  -22	    0
19850224	   56	  -56	    0
19850225	  117	  -56	    0
19850226	  150	   -6	    0
19850227	   56	  -56	    0
19850228	  100	  -44	    0
19850301	  117	  -17	    0
19850302	  133	    0	    0
19850303	  139	    0	   66
19850304	  206	  -72	    5
19850305	   22	  -94	    0
19850306	   61	  -78	    0
19850307	  128	    0	    0
19850308	  156	  -39	    0
19850309	  150	  -28	    0
19850310	  172	   -6	    0
19850311	  178	   -6	    0
19850312	  111	  -17	    0
19850313	   33	  -11	    3
19850314	  106	  -22	    0
19850315	  150	  -11	    0
19850316	  172	   11	    0
19850317	  139	  -56	    0
19850318	  200	  -39	    0
19850319	  222	    0	    0
19850320	  178	    0	    0
19850321	  183	  -28	    0
19850322	  150	    0	    0
19850323	   67	  -44	   46
19850324	  139	  -33	    0
19850325	  133	    0	    0
19850326	  194	   11	    0
19850327	  267	    0	    0
19850328	  189	   28	    0
19850329	  161	   -6	    0
19850330	   44	  -17	   43
19850331	    0	  -44	   66
19850401	   50	  -33	    0
19850402	  139	   -6	    0
19850403	  250	    6	    0
19850404	  222	   50	    0
19850405	  128	   -6	   13
19850406	  122	   -6	    0
19850407	  128	  -33	    0
19850408	  139	  -44	    0
19850409	  111	    0	    0
19850410	  194	   67	    0
19850411	  250	   33	    0
19850412	  278	   44	    0
19850413	  244	   44	    0
19850414	  206	    6	    0
19850415	  250	   17	    0
19850416	  306	   39	    0
19850417	  289	  122	    0
19850418	  317	  128	    0
19850419	  317	  161	    0
19850420	  244	   50	   69
19850421	  294	  106	    0
19850422	  300	  150	   48
19850423	  239	   83	   81
19850424	  178	   33	    0
19850425	  211	   67	   25
19850426	   83	   61	   15
19850427	  100	   39	   23
19850428	  183	   72	    0
19850429	  217	  122	    0
19850430	  178	  122	  267
19850501	  183	  111	   41
19850502	  217	   50	    0
19850503	  239	   61	    0
19850504	  244	  111	    0
19850505	  300	  139	    8
19850506	  250	  106	   13
19850507	  217	  111	    0
19850508	  256	  122	    0
19850509	  267	  133	    0
19850510	  289	  156	    0
19850511	  267	   83	  574
19850512	  261	   78	    0
19850513	  194	  106	  188
19850514	  139	   78	  853
19850515	  161	   50	    5
19850516	  222	   56	    0
19850517	  217	   67	    0
19850518	  211	   61	    0
19850519	  239	   78	    0
19850520	  256	  117	    0
19850521	  233	   67	    0
19850522	  233	   72	    0
19850523	  250	   83	    0
19850524	  294	  111	   38
19850525	  272	   94	    0
19850526	  322	  133	    0
19850527	  311	  156	   28
19850528	  228	  150	    0
19850529	  278	  156	  188
19850530	  267	  161	   38
19850531	  289	  100	    0
19850601	  278	  111	    0
19850602	  283	  100	    0
19850603	  244	  106	    0
19850604	  217	  111	   94
19850605	  161	  128	   25
19850606	  200	  133	    0
19850607	  250	  150	    0
19850608	  328	  167	    0
19850609	  378	  150	   51
19850610	  244	  150	    5
19850611	  239	  117	    5
19850612	  211	   89	    0
19850613	  172	   61	    0
19850614	  278	  100	   13
19850615	  267	  122	    0
19850616	  311	  150	    3
19850617	  356	  156	    0
19850618	  272	   94	    0
19850619	  239	   78	    0
19850620	  261	  117	    0
19850621	  367	  156	   20
19850622	  278	   89	    0
19850623	  311	  111	    0
19850624	  394	  189	    0
19850625	  344	  200	    0
19850626	  339	  167	  259
19850627	  183	   83	   28
19850628	  250	  100	    0
19850629	  278	  133	    0
19850630	  294	  144	    0
19850701	  278	  156	    0
19850702	  300	  150	    0
19850703	  300	  133	    0
19850704	  350	  150	    0
19850705	  350	  117	    0
19850706	  294	  117	    0
19850707	  328	  117	    0
19850708	  389	  194	    0
19850709	  400	  206	    0
19850710	  361	  156	    0
19850711	  361	  161	    0
19850712	  394	  189	    0
19850713	  350	  206	    0
19850714	  350	  211	    0
19850715	  339	  183	    0
19850716	  294	  172	    0
19850717	  333	  172	    0
19850718	  356	  200	    0
19850719	  350	  194	   69
19850720	  283	  194	   20
19850721	  267	  183	  284
19850722	  306	  183	    0
19850723	  294	  189	    0
19850724	  306	  189	  114
19850725	  278	  178	    0
19850726	  289	  139	    0
19850727	  300	  156	    0
19850728	  322	  172	    0
19850729	  300	  200	    0
19850730	  244	  183	   28
19850731	  256	  178	  102
19850801	  233	  167	   33
19850802	  222	  167	    0
19850803	  244	  167	   56
19850804	  283	  206	    0
19850805	  317	  206	    0
19850806	  350	  161	  117
19850807	  278	  156	    0
19850808	  311	  161	    0
19850809	  350	  211	    0
19850810	  283	   78	    0
19850811	  256	  100	    0
19850812	  306	  167	    0
19850813	  339	  133	    0
19850814	  322	  156	   48
19850815	  222	   94	    0
19850816	  239	  100	    0
19850817	  311	  172	    0
19850818	  228	  111	    0
19850819	  211	  161	    0
19850820	  244	  161	    0
19850821	  239	  167	    0
19850822	  322	  167	    0
19850823	  300	  167	    0
19850824	  300	  133	   66
19850825	  239	  100	    0
19850826	  233	   94	    0
19850827	  289	   94	    0
19850828	  317	  144	    0
19850829	  339	  194	   20
19850830	  306	  178	    0
19850831	  322	  178	    0
19850901	  400	  183	    0
19850902	  306	  200	    0
19850903	  367	  200	    0
19850904	  306	  200	    5
19850905	  322	  178	  137
19850906	  322	  178	    0
19850907	  350	  189	    0
19850908	  350	  156	    0
19850909	  267	  111	    0
19850910	  250	  128	    0
19850911	  233	  150	    0
19850912	  189	  161	   25
19850913	  189	  139	  584
19850914	  139	  117	    0
19850915	  172	  122	    0
19850916	  244	  139	    0
19850917	  289	  178	    0
19850918	  300	  183	    0
19850919	  333	  200	    0
19850920	  294	  100	   13
19850921	  122	   72	   13
19850922	  122	   78	    5
19850923	  144	   56	   41
19850924	  139	    6	    0
19850925	  111	    6	    5
19850926	  133	    0	    0
19850927	  172	   33	    0
19850928	  183	   56	    0
19850929	   61	    0	  318
19850930	   33	  -17	    0
19851001	   89	  -44	    0
19851002	  156	  -44	    0
19851003	  172	   33	    0
19851004	  222	   67	   58
19851005	  133	    0	    0
19851006	  167	   -6	    0
19851007	  222	   11	    0
19851008	  267	   67	    0
19851009	  100	   11	   23
19851010	   33	   11	    0
19851011	   56	   11	    0
19851012	  117	   22	   64
19851013	  206	   44	    0
19851014	  156	   61	    0
19851015	  167	  -22	    0
19851016	  217	   11	    0
19851017	  244	   11	   48
19851018	  161	  122	  287
19851019	  156	   78	  254
19851020	  156	   78	    0
19851021	  183	   78	    0
19851022	  167	  106	    0
19851023	  244	   28	    0
19851024	  222	   39	    0
19851025	  222	   50	    0
19851026	  233	   67	    0
19851027	  211	   94	    0
19851028	  156	  100	    0
19851029	  167	   56	    0
19851030	  194	  -17	    0
19851031	  117	  -44	    0
19851101	  117	  -39	    0
19851102	  122	  -44	    0
19851103	  133	  -33	    0
19851104	  156	  -17	    0
19851105	  183	   11	    0
19851106	  183	    0	    0
19851107	  111	  -33	    0
19851108	  167	  -33	    0
19851109	   94	  -56	    0
19851110	  -17	  -39	    0
19851111	   22	  -33	    3
19851112	   44	    0	    5
19851113	   44	    0	    5
19851114	   33	   -6	    3
19851115	   39	  -17	   36
19851116	   11	  -44	    0
19851117	   89	  -50	    0
19851118	   44	    6	    5
19851119	   33	 -106	    0
19851120	  -61	 -167	    3
19851121	  -22	 -122	    0
19851122	  -17	 -122	    0
19851123	  -61	 -111	    0
19851124	  -50	 -122	    0
19851125	  -61	 -106	    0
19851126	   -6	  -89	    0
19851127	  -83	 -150	    0
19851128	  -83	 -144	    0
19851129	  -72	 -144	    0
19851130	  -94	 -133	    0
19851201	 -117	 -194	    0
19851202	 -139	 -183	    0
19851203	 -100	 -161	    0
19851204	   67	 -117	   23
19851205	   72	  -61	    0
19851206	   83	  -67	    0
19851207	   56	  -61	    0
19851208	   67	  -56	    0
19851209	   56	  -61	-9999
19851210	  -56	  -78	-9999
19851211	  -56	 -172	    0
19851212	  -94	 -194	    0
19851213	  -50	 -233	    0
19851214	  -94	 -228	    0
19851215	   28	 -156	    0
19851216	   44	  -94	    0
19851217	   50	  -67	    0
19851218	   44	 -228	   15
19851219	  -39	 -206	    0
19851220	   33	 -111	    0
19851221	   17	 -100	    0
19851222	   78	  -67	    0
19851223	   89	  -17	    0
19851224	   94	 -106	    0
19851225	  -89	 -189	    0
19851226	   33	 -189	    0
19851227	   78	  -61	    0
19851228	   17	 -122	    0
19851229	   50	 -122	    0
19851230	   61	 -100	    0
19851231	  100	  -72	    0
19860101	   83	  -94	    0
19860102	   94	  -67	    0
19860103	   89	  -72	    0
19860104	   89	  -67	    0
19860105	    0	 -133	    0
19860106	   78	 -100	    0
19860107	  -39	 -161	    0
19860108	  -28	 -156	    0
19860109	   78	  -67	    0
19860110	  111	  -56	    0
19860111	  144	  -22	    0
19860112	  183	  -61	    0
19860113	  111	  -94	    0
19860114	  128	  -56	    0
19860115	  106	  -56	    0
19860116	  144	  -50	    0
19860117	  150	  -44	    0
19860118	  172	  -50	    0
19860119	  117	  -61	    0
19860120	  172	  -61	    0
19860121	  183	  -56	    0
19860122	   39	 -117	    0
19860123	   89	 -111	    0
19860124	  117	  -11	    0
19860125	  128	  -11	    0
19860126	   78	  -44	    0
19860127	  -22	 -161	    0
19860128	   44	 -150	    0
19860129	  167	  -33	    0
19860130	   44	  -39	    0
19860131	  117	  -33	    0
19860201	   50	  -67	    0
19860202	  167	  -39	    0
19860203	  133	  -11	    8
19860204	   50	   11	    5
19860205	   28	  -11	-9999
19860206	   17	  -67	    0
19860207	  -11	  -67	   41
19860208	  -39	 -156	    0
19860209	  -72	 -156	    0
19860210	  -50	 -111	    0
19860211	  -39	 -194	    3
19860212	 -111	 -206	    0
19860213	  -61	 -200	    0
19860214	   22	 -139	    5
19860215	  -17	 -133	    0
19860216	   56	  -56	    0
19860217	  106	  -28	    0
19860218	  200	  -44	    0
19860219	  111	  -28	    0
19860220	   33	 -111	    0
19860221	  -67	 -111	    0
19860222	   44	  -83	    0
19860223	  111	  -11	    0
19860224	   83	  -56	    0
19860225	  211	  -22	    0
19860226	  256	    0	    0
19860227	  194	   17	    0
19860228	   61	  -28	    0
19860301	   83	  -67	    0
19860302	  228	  -67	    0
19860303	  167	    0	    0
19860304	  161	  -33	    0
19860305	  183	  -33	    0
19860306	  133	  -33	    0
19860307	  206	  -94	    0
19860308	    0	  -94	    0
19860309	  172	  -11	    0
19860310	  228	   22	    0
19860311	  139	   28	    5
19860312	  111	   33	  130
19860313	   39	    6	   15
19860314	   61	  -33	    0
19860315	  117	  -11	    0
19860316	   89	   11	   38
19860317	   72	   44	   13
19860318	  133	   44	   33
19860319	   56	  -11	   20
19860320	   72	 -106	    0
19860321	   50	  -72	    0
19860322	  172	  -44	    0
19860323	  194	    0	    0
19860324	  167	   11	    0
19860325	  272	   44	    0
19860326	  200	    6	    0
19860327	  183	   11	    0
19860328	  250	   44	    0
19860329	  317	   56	    0
19860330	  306	   78	    0
19860331	  278	   94	    0
19860401	  289	   22	  112
19860402	  150	   39	   30
19860403	  150	   83	   81
19860404	  222	   89	    5
19860405	  167	    0	    0
19860406	  206	   17	    0
19860407	  267	   56	    0
19860408	  233	   94	    0
19860409	  183	  -33	    0
19860410	  161	    0	    0
19860411	  183	   33	    0
19860412	  228	   28	    3
19860413	  156	   33	    5
19860414	  250	  -39	   20
19860415	   94	  -39	    0
19860416	  128	  -44	    0
19860417	  178	  -28	    0
19860418	  228	   61	  201
19860419	  144	   11	    0
19860420	  194	   39	    0
19860421	  183	    6	    0
19860422	  161	    6	    0
19860423	  200	  100	    0
19860424	  294	  100	    5
19860425	  206	  117	    0
19860426	  267	  144	    5
19860427	  294	   50	   89
19860428	   67	   28	   56
19860429	  233	   33	    0
19860430	  250	  128	    0
19860501	  217	   56	    0
19860502	  200	   61	    0
19860503	  211	   89	    0
19860504	  278	  117	    0
19860505	  294	  133	    0
19860506	  267	   56	    0
19860507	  256	  100	    0
19860508	  289	  178	    0
19860509	  222	   67	   64
19860510	  233	  100	    0
19860511	  261	   44	    0
19860512	  278	  106	    0
19860513	  239	  111	    0
19860514	  244	  100	    0
19860515	  261	  128	   18
19860516	  250	  122	  229
19860517	  156	   67	    5
19860518	  161	   28	    0
19860519	  200	   33	    0
19860520	  211	   56	    0
19860521	  222	  106	    0
19860522	  239	  106	    0
19860523	  189	  111	    0
19860524	  217	  100	    0
19860525	  244	   83	    5
19860526	  206	   94	   36
19860527	  178	  106	    8
19860528	  167	  128	  231
19860529	  206	  128	   48
19860530	  206	  106	    5
19860531	  267	  106	    0
19860601	  267	  128	    0
19860602	  289	  156	    0
19860603	  278	  161	    0
19860604	  283	  178	    0
19860605	  300	  178	   13
19860606	  244	  172	    0
19860607	  294	  167	  132
19860608	  272	  128	    0
19860609	  267	  150	    0
19860610	  289	  156	   33
19860611	  272	  139	    0
19860612	  256	  100	    0
19860613	  311	  128	    0
19860614	  322	  167	   13
19860615	  278	  139	    0
19860616	  344	  183	   15
19860617	  333	  183	    0
19860618	  333	  183	    0
19860619	  322	  211	    0
19860620	  328	  217	    0
19860621	  322	  217	   10
19860622	  350	  167	   41
19860623	  267	  161	    0
19860624	  311	  167	    0
19860625	  311	  183	    0
19860626	  333	  200	    0
19860627	  350	  194	   97
19860628	  328	  178	    0
19860629	  356	  211	    0
19860630	  367	  206	    0
19860701	  289	  167	  102
19860702	  294	  172	    0
19860703	  306	  194	    0
19860704	  356	  217	    0
19860705	  367	  239	    0
19860706	  367	  172	    0
19860707	  283	  167	    0
19860708	  289	  172	    0
19860709	  344	  211	    0
19860710	  294	  172	  399
19860711	  311	  161	    8
19860712	  317	  172	    0
19860713	  311	  183	    0
19860714	  322	  222	    0
19860715	  361	  217	    0
19860716	  356	  222	    0
19860717	  367	  239	    0
19860718	  378	  239	    0
19860719	  389	  194	    0
19860720	  306	  144	    0
19860721	  278	  139	    0
19860722	  244	  150	    0
19860723	  317	  189	    0
19860724	  350	  211	    0
19860725	  361	  172	    0
19860726	  328	  172	   28
19860727	  339	  183	  107
19860728	  311	  183	    0
19860729	  367	  183	    0
19860730	  389	  200	    0
19860731	  322	  206	    0
19860801	  272	  167	   43
19860802	  217	  139	  330
19860803	  283	  144	    0
19860804	  289	  194	    0
19860805	  311	  167	   23
19860806	  289	  167	    0
19860807	  311	  161	    0
19860808	  283	  150	    0
19860809	  306	  150	   66
19860810	  278	  150	   43
19860811	  278	  150	    0
19860812	  283	  156	    0
19860813	  289	  178	    0
19860814	  317	  189	    0
19860815	  289	  161	    0
19860816	  306	  172	    0
19860817	  344	  189	    0
19860818	  289	  194	    0
19860819	  289	  189	    0
19860820	  311	  194	    0
19860821	  328	  167	    0
19860822	  211	  156	    0
19860823	  300	  128	    0
19860824	  239	  128	    0
19860825	  322	  161	    0
19860826	  339	  183	    3
19860827	  244	  122	    0
19860828	  233	  100	    5
19860829	  206	  106	    0
19860830	  289	  117	    0
19860831	  306	  150	    0
19860901	  267	  150	    0
19860902	  250	  172	    0
19860903	  200	  167	   33
19860904	  306	  167	    0
19860905	  267	  150	    0
19860906	  294	  150	  297
19860907	  161	   89	  142
19860908	  156	   61	    0
19860909	  172	   89	    0
19860910	  294	  172	    0
19860911	  250	  117	   86
19860912	  256	   94	    0
19860913	  300	  100	    0
19860914	  278	  144	    0
19860915	  267	  156	    0
19860916	  228	  161	    0
19860917	  267	  167	   38
19860918	  256	  167	    0
19860919	  272	  178	    8
19860920	  278	  178	    0
19860921	  339	  206	    0
19860922	  317	  183	    0
19860923	  194	  150	   64
19860924	  194	  150	    8
19860925	  289	  111	    0
19860926	  289	  106	    0
19860927	  278	  106	    0
19860928	  256	  106	    0
19860929	  289	  111	   18
19860930	  183	  106	  168
19861001	  194	  106	    0
19861002	  172	  100	    8
19861003	  206	  133	    8
19861004	  139	   72	   43
19861005	  178	   50	    0
19861006	  206	   17	    0
19861007	  211	   17	    0
19861008	  256	   72	    0
19861009	  239	   78	  104
19861010	  122	   78	    0
19861011	  144	   72	  368
19861012	   72	    0	   20
19861013	   39	  -33	    0
19861014	  100	  -28	    0
19861015	  156	  -33	    0
19861016	  167	   11	    0
19861017	  233	   17	    0
19861018	  228	   17	    0
19861019	  228	   67	    0
19861020	  228	  100	    0
19861021	  206	   94	    5
19861022	  144	  106	   58
19861023	  150	   83	    8
19861024	  150	  100	    0
19861025	  133	   89	   20
19861026	  117	   56	    0
19861027	  167	   28	    0
19861028	  244	   39	    0
19861029	  200	   17	    0
19861030	  172	   17	    0
19861031	  189	   61	    0
19861101	  133	    0	    0
19861102	   39	  -11	    0
19861103	   39	    0	  104
19861104	  150	   17	    0
19861105	  150	  -39	    0
19861106	  172	  -33	    0
19861107	  178	   22	    0
19861108	  106	  -39	   20
19861109	   89	  -61	    0
19861110	   33	  -67	    0
19861111	  -67	 -200	    5
19861112	   39	 -172	    0
19861113	  -94	 -200	    3
19861114	  -28	 -183	    0
19861115	   67	  -78	    0
19861116	   83	  -67	    0
19861117	  133	  -67	    0
19861118	   94	  -33	    0
19861119	   17	  -50	    0
19861120	   72	  -33	    0
19861121	  139	  -17	    0
19861122	  172	  -17	    0
19861123	  128	  -17	    0
19861124	   61	  -72	    0
19861125	  156	  -72	    0
19861126	  144	  -72	    0
19861127	   72	  -94	    0
19861128	  122	  -72	    0
19861129	  194	  -44	    0
19861130	  161	   17	    0
19861201	  106	   -6	-9999
19861202	   -6	  -44	   43
19861203	   56	  -50	    0
19861204	   44	  -94	    0
19861205	   33	  -89	    0
19861206	   72	  -22	    0
19861207	    0	  -22	  135
19861208	  -17	  -72	   18
19861209	    6	  -78	    0
19861210	  -11	 -139	    0
19861211	    0	 -139	    0
19861212	   56	  -72	    0
19861213	   44	  -83	    0
19861214	   -6	  -78	    0
19861215	  100	  -39	    0
19861216	   56	  -61	    0
19861217	   61	  -50	    0
19861218	   61	  -94	    0
19861219	   78	  -89	    0
19861220	   61	  -83	    0
19861221	  -22	  -67	    0
19861222	  -22	  -50	    0
19861223	   44	  -67	    0
19861224	  100	  -44	    0
19861225	   94	  -56	    0
19861226	   94	  -83	    0
19861227	   94	  -83	    0
19861228	   78	  -83	    0
19861229	   89	  -72	    0
19861230	   67	  -89	    0
19861231	  117	  -56	    0
19870101	   72	  -72	    0
19870102	   50	  -94	    0
19870103	   44	  -61	    0
19870104	   83	  -67	    0
19870105	   83	  -22	    0
19870106	   89	    0	    0
19870107	   17	  -61	    0
19870108	    6	  -61	    0
19870109	    0	  -50	   18
19870110	   17	  -56	    0
19870111	  -17	 -117	    0
19870112	  144	 -117	    0
19870113	  172	  -33	    0
19870114	  172	  -39	    0
19870115	   78	  -61	    0
19870116	  -33	 -128	    0
19870117	  -67	 -122	    0
19870118	  -11	 -150	    0
19870119	    6	 -150	    0
19870120	   39	 -117	    0
19870121	   17	 -100	    0
19870122	   61	 -111	    0
19870123	   28	 -117	    0
19870124	  -33	 -111	    0
19870125	  -11	 -111	    0
19870126	   22	 -106	    0
19870127	  117	  -72	    0
19870128	  117	  -44	    0
19870129	  106	  -33	    0
19870130	  128	  -50	    0
19870131	  133	  -44	    0
19870201	  172	  -50	    0
19870202	  150	  -39	    0
19870203	  150	  -56	    0
19870204	   67	  -39	    0
19870205	   39	  -22	    8
19870206	   11	  -78	    0
19870207	  122	  -78	    0
19870208	  206	  -28	    0
19870209	   56	  -78	    0
19870210	  128	  -78	    0
19870211	  150	  -72	    0
19870212	  206	  -33	    0
19870213	  172	  -44	    0
19870214	  172	  -22	    0
19870215	   33	  -17	    0
19870216	   -6	  -39	    0
19870217	   -6	  -94	    0
19870218	   17	  -94	    0
19870219	   44	  -94	    0
19870220	   78	  -94	    0
19870221	   56	  -94	    0
19870222	  117	  -83	    0
19870223	   72	  -78	    0
19870224	  144	  -28	    0
19870225	   56	   28	   10
19870226	   67	   28	   10
19870227	   61	   33	   89
19870228	   50	    6	  147
19870301	   22	  -39	    0
19870302	  117	  -50	    0
19870303	  161	  -39	    0
19870304	  167	  -17	    0
19870305	  244	  -17	    0
19870306	  228	   -6	    0
19870307	  250	   39	    0
19870308	  217	    0	    0
19870309	   67	  -61	    0
19870310	   -6	  -67	    0
19870311	   11	 -106	    0
19870312	  128	 -100	    0
19870313	  167	    6	    0
19870314	  228	   33	    0
19870315	  150	   22	    0
19870316	   44	   17	    0
19870317	  106	   17	  927
19870318	  128	   17	  119
19870319	  100	  -17	    0
19870320	  167	   94	    0
19870321	  206	   17	    3
19870322	  144	   11	    0
19870323	  117	    0	  627
19870324	   33	    0	  292
19870325	   22	   -6	   13
19870326	   22	  -39	    0
19870327	   56	  -39	    0
19870328	   61	  -67	    0
19870329	  -67	 -106	   33
19870330	  -50	 -178	    0
19870331	    0	 -167	    0
19870401	   94	  -17	    0
19870402	   78	  -44	    0
19870403	   33	  -72	    0
19870404	   89	  -56	    0
19870405	  122	  -33	    0
19870406	  128	  -17	    0
19870407	  150	   -6	    0
19870408	  189	   11	    0
19870409	  211	   17	    0
19870410	  156	   -6	    0
19870411	  172	   -6	    0
19870412	  122	    0	    0
19870413	   89	   39	  152
19870414	   72	   50	  297
19870415	  144	   44	    0
19870416	  211	   44	    0
19870417	  278	   50	    0
19870418	  289	   89	    0
19870419	  289	  167	    0
19870420	  317	   89	    0
19870421	  144	   78	    0
19870422	  144	  -11	    0
19870423	  200	  -11	    0
19870424	  267	  -11	    0
19870425	  311	   44	    0
19870426	  322	   94	    0
19870427	  306	  122	    0
19870428	  233	   50	    0
19870429	  278	   78	    0
19870430	  328	  106	   15
19870501	  272	   94	    0
19870502	  300	  100	    0
19870503	  278	  128	  193
19870504	  206	  122	   23
19870505	  128	  100	  221
19870506	  122	   94	    8
19870507	  211	   94	    0
19870508	  239	   78	    0
19870509	  250	  100	    0
19870510	  278	  133	    0
19870511	  289	  144	    0
19870512	  289	  128	    5
19870513	  250	  128	    0
19870514	  306	  172	   58
19870515	  272	  106	   13
19870516	  272	  117	    0
19870517	  283	  144	    0
19870518	  300	  156	  279
19870519	  217	  150	   18
19870520	  272	  167	   53
19870521	  233	   83	  188
19870522	  172	   83	    0
19870523	  183	   89	    0
19870524	  172	  122	   18
19870525	  183	  128	    3
19870526	  239	  150	    8
19870527	  228	  139	   33
19870528	  239	  144	    0
19870529	  250	  150	    0
19870530	  239	  133	    0
19870531	  278	  117	    0
19870601	  294	  161	    0
19870602	  294	  161	    0
19870603	  239	   78	    0
19870604	  244	   72	    0
19870605	  278	  100	    0
19870606	  294	  156	    0
19870607	  311	  161	    0
19870608	  322	  178	    0
19870609	  306	  178	   48
19870610	  289	  178	    0
19870611	  261	  161	  165
19870612	  306	  167	    0
19870613	  339	  189	    0
19870614	  333	  178	    0
19870615	  356	  178	    0
19870616	  339	  189	    0
19870617	  344	  211	    0
19870618	  306	  178	    3
19870619	  289	  167	    0
19870620	  289	  172	    0
19870621	  300	  178	    0
19870622	  317	  178	    0
19870623	  333	  178	    0
19870624	  289	  183	  112
19870625	  294	  156	   41
19870626	  283	  117	    0
19870627	  256	  117	   30
19870628	  300	  156	  170
19870629	  311	  156	  211
19870630	  233	  128	    3
19870701	  239	  111	    0
19870702	  278	  117	    0
19870703	  306	  172	    0
19870704	  300	  167	   15
19870705	  289	  172	    0
19870706	  306	  161	    0
19870707	  344	  167	   48
19870708	  294	  167	  257
19870709	  278	  167	   36
19870710	  317	  189	    0
19870711	  350	  222	    0
19870712	  328	  156	    0
19870713	  222	  100	   46
19870714	  244	  106	    0
19870715	  278	  139	    0
19870716	  333	  144	    0
19870717	  344	  144	    0
19870718	  256	  189	 1161
19870719	  322	  222	    0
19870720	  339	  211	    0
19870721	  333	  217	    0
19870722	  322	  211	    0
19870723	  322	  211	    0
19870724	  344	  217	    0
19870725	  350	  200	    0
19870726	  350	  217	    0
19870727	  344	  194	    0
19870728	  339	  206	    0
19870729	  344	  206	    0
19870730	  350	  217	    0
19870731	  361	  217	    0
19870801	  378	  206	    0
19870802	  361	  217	    0
19870803	  350	  228	    5
19870804	  283	  172	    0
19870805	  283	  156	    0
19870806	  317	  172	    0
19870807	  328	  183	  584
19870808	  328	  183	    0
19870809	  267	  139	    0
19870810	  267	  139	    0
19870811	  283	  150	  124
19870812	  328	  172	    0
19870813	  233	  172	  130
19870814	  244	  178	    0
19870815	  311	  183	    0
19870816	  344	  200	    0
19870817	  306	  167	    3
19870818	  306	  172	   25
19870819	  261	  156	    0
19870820	  283	  156	    0
19870821	  356	  189	    0
19870822	  350	  161	   58
19870823	  189	  133	    8
19870824	  167	  133	    5
19870825	  178	  128	   25
19870826	  206	  144	   15
19870827	  183	  111	    0
19870828	  233	   83	    0
19870829	  278	   89	    0
19870830	  294	  150	    0
19870831	  228	   89	    0
19870901	  250	   89	    0
19870902	  289	  111	    0
19870903	  278	  161	    0
19870904	  339	  178	    0
19870905	  333	  183	    0
19870906	  261	  144	    0
19870907	  267	  144	    0
19870908	  267	  106	    0
19870909	  244	  106	    0
19870910	  278	  111	    0
19870911	  272	   78	   36
19870912	  189	   39	   33
19870913	  239	   33	    0
19870914	  228	  122	    0
19870915	  300	  178	    0
19870916	  250	  133	  127
19870917	  211	  128	    0
19870918	  217	  100	    0
19870919	  217	   56	    0
19870920	  222	   50	    0
19870921	  222	   50	    0
19870922	  194	   28	    0
19870923	  228	   33	    0
19870924	  289	   67	    0
19870925	  283	   61	    0
19870926	  283	   78	    0
19870927	  306	  100	   58
19870928	  289	  111	    0
19870929	  239	   50	    0
19870930	  239	   44	    0
19871001	  239	   44	    0
19871002	  300	   39	    0
19871003	  150	    0	    0
19871004	  222	    6	    0
19871005	  317	  133	    0
19871006	  194	   17	    0
19871007	  211	    0	    0
19871008	  178	   -6	    0
19871009	  200	   67	    0
19871010	  117	    0	    0
19871011	   22	  -67	    3
19871012	  150	  -67	    0
19871013	  222	  -17	    0
19871014	  239	   39	    0
19871015	  183	   56	    5
19871016	  106	   50	    0
19871017	  150	  -44	    0
19871018	  239	  -50	    0
19871019	  150	   17	    0
19871020	  100	  -33	    0
19871021	  100	  -72	    0
19871022	  189	  -56	    0
19871023	  156	  -33	    0
19871024	  150	  -39	    0
19871025	  100	    6	  257
19871026	  161	   17	    0
19871027	  161	   17	    0
19871028	  139	  -28	    0
19871029	  200	  -28	    0
19871030	  244	    6	    0
19871031	  244	   33	   13
19871101	  200	  133	  173
19871102	  167	  133	    0
19871103	  256	   78	    0
19871104	  228	   39	    0
19871105	  217	   -6	    0
19871106	  144	   -6	    0
19871107	  233	   50	    0
19871108	  150	   33	  102
19871109	   67	  -56	    0
19871110	   50	  -94	    0
19871111	   89	  -94	    0
19871112	  128	  -61	    0
19871113	  178	  -11	    0
19871114	  178	  -28	    0
19871115	  133	  -22	    0
19871116	  144	   22	  447
19871117	   44	  -44	    0
19871118	   56	  -61	    0
19871119	   78	  -61	    0
19871120	  106	  -50	    0
19871121	  111	  -50	    0
19871122	  150	    0	    0
19871123	  128	  -22	    0
19871124	  111	  -17	    0
19871125	   44	  -17	   51
19871126	   11	  -11	   13
19871127	   17	  -11	    5
19871128	    0	  -17	    0
19871129	   11	  -17	   91
19871130	   33	  -33	    0
19871201	   44	  -72	    0
19871202	   67	  -67	    0
19871203	  161	  -28	    0
19871204	  117	  -39	    0
19871205	   83	  -22	    0
19871206	   83	  -22	    0
19871207	  111	  -22	    0
19871208	   44	    6	   23
19871209	   44	  -28	   23
19871210	   44	  -61	    0
19871211	  172	  -56	    0
19871212	  106	  -39	    0
19871213	   61	  -67	    0
19871214	   22	  -44	    0
19871215	  -28	  -94	    0
19871216	    0	 -128	    0
19871217	    6	 -117	    0
19871218	   17	 -100	    0
19871219	   50	  -67	    0
19871220	   39	  -39	    0
19871221	   50	 -100	    0
19871222	   56	  -61	    0
19871223	   78	  -61	    0
19871224	   56	  -33	    0
19871225	  -17	  -94	    0
19871226	  -33	  -83	    0
19871227	  -22	  -72	   69
19871228	  -39	 -106	    0
19871229	  -39	  -89	    0
19871230	  -22	 -100	    0
19871231	   56	 -144	    0
19880101	  -83	 -178	    0
19880102	  -33	 -172	    0
19880103	   22	 -161	    0
19880104	  -28	 -156	    0
19880105	 -117	 -194	    0
19880106	  -94	 -139	    0
19880107	 -122	 -244	   18
19880108	 -106	 -244	    0
19880109	 -139	 -261	    0
19880110	 -133	 -256	    0
19880111	  -39	 -217	    0
19880112	   22	  -94	    0
19880113	  -78	 -183	    0
19880114	   28	 -161	    0
19880115	   50	  -83	    0
19880116	   78	  -67	    0
19880117	   89	  -56	    0
19880118	   89	  -56	    0
19880119	   33	  -22	  112
19880120	   -6	  -72	    8
19880121	  -39	 -178	    0
19880122	   -6	 -178	    0
19880123	   56	  -83	    0
19880124	   56	  -56	    0
19880125	   39	 -156	    8
19880126	  -72	 -161	    0
19880127	   61	 -100	    0
19880128	   94	  -83	    0
19880129	  128	  -56	    0
19880130	  106	  -33	    0
19880131	  144	  -39	    0
19880201	  -39	 -139	    0
19880202	 -122	 -172	    0
19880203	  -56	 -172	    0
19880204	  -72	 -211	   61
19880205	  -61	 -211	   15
19880206	 -128	 -261	    0
19880207	  -22	 -261	    0
19880208	  -11	 -133	    0
19880209	   72	  -72	    0
19880210	    6	 -172	    5
19880211	 -133	 -206	    0
19880212	 -100	 -194	    0
19880213	  122	 -100	    0
19880214	  167	  -28	    0
19880215	   17	  -89	    0
19880216	  111	  -89	    0
19880217	  106	  -33	    0
19880218	   89	  -44	    0
19880219	  100	  -44	    0
19880220	   89	  -39	   33
19880221	   50	  -11	    5
19880222	  183	    0	    0
19880223	   67	  -61	    0
19880224	   33	  -83	    0
19880225	   83	  -89	    0
19880226	  150	  -67	    0
19880227	  194	  -33	    0
19880228	  172	  -28	    0
19880229	  111	  -56	    0
19880301	  144	  -50	    0
19880302	  167	  -17	    0
19880303	   39	  -67	    0
19880304	   33	  -83	    0
19880305	   67	  -78	    0
19880306	   94	  -50	    0
19880307	  189	  -50	    0
19880308	   72	  -17	    0
19880309	   67	  -72	    0
19880310	  178	  -78	    0
19880311	  194	   11	    0
19880312	   61	  -78	    0
19880313	   17	 -122	    0
19880314	    0	 -144	    0
19880315	   17	 -144	    0
19880316	   39	 -128	    0
19880317	  -17	  -83	   18
19880318	   33	  -78	    0
19880319	  150	  -67	    0
19880320	  189	  -67	    0
19880321	  250	  -28	    0
19880322	  283	  -22	    0
19880323	  272	  -11	    0
19880324	  189	    0	    0
19880325	  156	   -6	    0
19880326	  189	    0	    0
19880327	  200	   17	    0
19880328	  278	   67	    0
19880329	   94	    6	    0
19880330	  133	    6	    0
19880331	  167	   -6	    0
19880401	  128	   22	    0
19880402	  100	   28	  175
19880403	  111	   28	    0
19880404	  233	   33	    0
19880405	  272	   44	    0
19880406	  156	  -11	    0
19880407	  228	   -6	    0
19880408	  294	   39	    0
19880409	  306	   17	  249
19880410	  128	  -22	    0
19880411	  139	  -50	    0
19880412	  150	  -50	    0
19880413	  217	  -22	    0
19880414	  278	    6	    0
19880415	  278	   11	    0
19880416	  172	    6	    0
19880417	  206	    0	    0
19880418	  161	  -33	    0
19880419	  133	  -33	   10
19880420	  189	   33	    0
19880421	  228	   56	    0
19880422	  172	   33	    0
19880423	   78	    6	    0
19880424	  139	    0	    0
19880425	  228	   28	   28
19880426	  217	   28	   51
19880427	  106	  -33	    0
19880428	  178	  -33	    0
19880429	  222	   44	    0
19880430	  200	  100	    0
19880501	  239	  111	    0
19880502	  217	  117	    5
19880503	  133	   78	  264
19880504	  122	   44	   38
19880505	  161	   17	    0
19880506	  233	   39	    0
19880507	  256	  128	    0
19880508	  261	   67	    0
19880509	  217	   78	    0
19880510	  222	   44	    0
19880511	  278	   72	    0
19880512	  272	   83	    8
19880513	  300	   89	    0
19880514	  272	  139	    0
19880515	  300	  133	    0
19880516	  272	   56	    0
19880517	  272	   89	    0
19880518	  311	  139	   84
19880519	  322	  150	    0
19880520	  300	  128	    0
19880521	  256	  117	   41
19880522	  139	  106	    0
19880523	  172	   50	  150
19880524	  233	  100	    0
19880525	  256	  100	    0
19880526	  278	  117	    0
19880527	  289	  156	    0
19880528	  317	  167	    0
19880529	  294	  167	    0
19880530	  278	  172	    0
19880531	  278	  183	   25
19880601	  256	  150	   15
19880602	  233	  139	   13
19880603	  228	  139	  196
19880604	  283	  144	    0
19880605	  300	  139	    0
19880606	  278	  144	    0
19880607	  300	  161	    0
19880608	  356	  178	    0
19880609	  344	  161	    0
19880610	  300	  139	    0
19880611	  283	  156	    0
19880612	  267	  167	    0
19880613	  328	  183	   30
19880614	  339	  144	    0
19880615	  294	  156	    0
19880616	  283	  122	    0
19880617	  317	  156	   53
19880618	  339	  178	    0
19880619	  378	  206	    0
19880620	  394	  206	    0
19880621	  394	  217	    0
19880622	  417	  228	    0
19880623	  361	  206	    0
19880624	  378	  206	    0
19880625	  378	  200	    0
19880626	  356	  194	    0
19880627	  317	  183	    0
19880628	  344	  194	    0
19880629	  356	  222	   15
19880630	  339	  189	  615
19880701	  228	  139	   15
19880702	  172	  139	    0
19880703	  233	  139	    0
19880704	  333	  161	    0
19880705	  244	  228	    0
19880706	  356	  228	    0
19880707	  350	  217	    0
19880708	  306	  183	  152
19880709	  306	  178	   66
19880710	  272	  178	    0
19880711	  300	  167	    0
19880712	  306	  167	    0
19880713	  333	  189	    0
19880714	  383	  217	    0
19880715	  389	  217	    8
19880716	  333	  200	    0
19880717	  344	  200	   18
19880718	  294	  200	    0
19880719	  328	  167	  351
19880720	  206	  122	    0
19880721	  272	  117	    0
19880722	  283	  117	    0
19880723	  300	  161	    0
19880724	  311	  189	    0
19880725	  322	  217	    0
19880726	  300	  161	    0
19880727	  300	  133	    0
19880728	  322	  133	    0
19880729	  333	  189	    0
19880730	  317	  189	    0
19880731	  367	  222	    0
19880801	  372	  222	    0
19880802	  350	  228	    0
19880803	  356	  233	    0
19880804	  361	  206	   64
19880805	  233	  122	    0
19880806	  300	  128	    0
19880807	  350	  189	    0
19880808	  372	  206	   61
19880809	  294	  206	    0
19880810	  322	  178	   86
19880811	  339	  200	    0
19880812	  361	  200	   81
19880813	  322	  183	  335
19880814	  306	  183	    0
19880815	  372	  189	    0
19880816	  378	  222	    0
19880817	  361	  211	    0
19880818	  367	  200	    0
19880819	  283	  200	  124
19880820	  278	  144	    0
19880821	  306	  144	    0
19880822	  361	  183	    0
19880823	  283	  139	    3
19880824	  306	  139	    0
19880825	  322	  111	    0
19880826	  322	   94	    0
19880827	  322	  106	   13
19880828	  222	   50	    0
19880829	  239	   50	    0
19880830	  283	   78	    0
19880831	  306	  111	    0
19880901	  322	  189	    0
19880902	  261	  128	   36
19880903	  283	  111	    0
19880904	  250	  111	    0
19880905	  261	   78	    0
19880906	  239	   83	    0
19880907	  250	   83	    0
19880908	  333	  133	    0
19880909	  278	   61	    0
19880910	  350	   61	    0
19880911	  361	   61	    0
19880912	  344	  133	    0
19880913	  150	  106	    0
19880914	  211	  111	   81
19880915	  178	  133	  229
19880916	  211	  106	   15
19880917	  294	  106	    0
19880918	  339	  172	    0
19880919	  306	  111	   84
19880920	  189	   61	    0
19880921	  272	   67	    0
19880922	  317	  150	    0
19880923	  233	   67	    0
19880924	  239	   28	    0
19880925	  239	   33	    0
19880926	  289	   44	    0
19880927	  289	  122	    0
19880928	  272	  144	   84
19880929	  194	  100	    5
19880930	  122	   94	    0
19881001	  206	   39	    0
19881002	  156	   39	    0
19881003	  189	   39	    0
19881004	  222	   22	    0
19881005	   89	   11	    3
19881006	   89	   17	    0
19881007	   67	   50	    3
19881008	  111	   44	    0
19881009	  194	    6	    0
19881010	  200	    6	    0
19881011	  211	   22	    0
19881012	  178	   17	    0
19881013	  222	   28	    0
19881014	  267	   39	    0
19881015	  306	   39	    0
19881016	  267	   39	    0
19881017	  267	   61	    0
19881018	  189	   44	    0
19881019	  172	   39	    0
19881020	  111	   56	    0
19881021	  206	   28	    0
19881022	  217	   28	    0
19881023	  256	   50	    0
19881024	  172	  -11	    0
19881025	  211	  -17	    0
19881026	  211	  -17	    0
19881027	  206	    6	    0
19881028	  133	  -83	    0
19881029	   67	  -78	    0
19881030	   89	  -67	    0
19881031	  111	  -22	    0
19881101	  217	  -28	    0
19881102	  217	  -28	    0
19881103	  222	   -6	    0
19881104	  194	   44	    0
19881105	  178	   39	    0
19881106	  117	  -33	    0
19881107	  156	  -28	    0
19881108	  167	  -39	    0
19881109	  150	  -33	    0
19881110	  117	  -39	    0
19881111	  106	  -39	    0
19881112	  133	   -6	    0
19881113	  178	  -33	    0
19881114	  189	  -11	    0
19881115	  139	   22	    0
19881116	   56	  -94	   46
19881117	   39	 -111	    0
19881118	   61	 -111	    0
19881119	   33	  -44	    0
19881120	   39	  -94	    0
19881121	   56	  -89	    0
19881122	  111	  -67	    0
19881123	  128	  -56	    0
19881124	  167	  -28	    0
19881125	  189	  -17	    0
19881126	   44	  -17	   74
19881127	   22	  -50	    0
19881128	  -17	 -106	    0
19881129	   56	 -100	    0
19881130	   78	  -44	    0
19881201	   72	  -39	-9999
19881202	  144	  -39	-9999
19881203	  172	  -33	-9999
19881204	-9999	  -67	-9999
19881205	   94	  -67	-9999
19881206	  139	  -50	-9999
19881207	  150	  -28	-9999
19881208	   28	  -94	-9999
19881209	    0	 -100	-9999
19881210	   83	  -94	-9999
19881211	  -11	  -56	-9999
19881212	   22	 -100	-9999
19881213	  144	  -56	-9999
19881214	  206	  -50	-9999
19881215	   56	  -72	-9999
19881216	  -50	 -122	-9999
19881217	   56	  -72	-9999
19881218	   83	  -72	-9999
19881219	  156	  -61	-9999
19881220	   72	  -39	   13
19881221	   67	  -50	-9999
19881222	   72	  -28	-9999
19881223	   89	  -89	-9999
19881224	   89	  -89	-9999
19881225	   50	  -78	-9999
19881226	  106	  -11	-9999
19881227	  133	 -133	-9999
19881228	  -22	 -156	-9999
19881229	   17	 -156	-9999
19881230	   67	 -122	-9999
19881231	   94	 -117	-9999
19890101	  100	 -106	    0
19890102	  -28	 -150	    0
19890103	   -6	 -144	    0
19890104	   94	  -78	    0
19890105	  133	  -83	    0
19890106	   94	   -6	    0
19890107	   28	  -78	    0
19890108	  -50	 -156	    0
19890109	  -39	 -156	    0
19890110	   39	 -144	    0
19890111	   78	 -100	    0
19890112	   28	 -111	    0
19890113	   44	 -150	    0
19890114	   61	 -150	    0
19890115	  106	  -78	    0
19890116	   61	 -128	    0
19890117	  122	 -128	    0
19890118	  150	  -94	    0
19890119	  144	  -72	    0
19890120	  128	 -100	    0
19890121	   61	 -100	    0
19890122	  128	  -94	    0
19890123	  156	  -44	    0
19890124	   89	  -50	    0
19890125	    0	  -44	   33
19890126	  -11	 -128	    0
19890127	   67	 -133	    0
19890128	  150	 -111	   46
19890129	   28	  -11	   36
19890130	   78	  -22	    0
19890131	  167	  -22	    0
19890201	  239	 -144	    0
19890202	 -106	 -194	    0
19890203	 -167	 -256	    0
19890204	 -200	 -250	    0
19890205	 -189	 -233	   10
19890206	 -144	 -211	    0
19890207	  -67	 -178	    0
19890208	   11	 -178	    0
19890209	  -56	 -194	    0
19890210	   56	 -156	    0
19890211	  161	 -156	    0
19890212	   89	 -106	    0
19890213	   11	 -106	    0
19890214	   17	 -106	    0
19890215	    0	  -94	    0
19890216	   11	 -128	    0
19890217	   33	  -89	    0
19890218	  -50	 -100	    0
19890219	  -39	  -94	    0
19890220	  -28	  -72	   25
19890221	  -33	 -106	    0
19890222	   22	 -100	    0
19890223	  -56	 -167	    0
19890224	   94	 -133	    0
19890225	  144	 -122	    0
19890226	  206	 -122	    0
19890227	   -6	  -72	   56
19890228	   61	  -61	    0
19890301	  -11	  -72	    0
19890302	  -39	  -83	    0
19890303	  -22	  -89	   38
19890304	  -89	 -178	    0
19890305	 -100	 -178	    0
19890306	  -83	 -183	    0
19890307	  -11	 -183	    0
19890308	  111	  -78	    0
19890309	  139	  -17	    0
19890310	  233	  -11	    0
19890311	  306	   -6	    0
19890312	  228	   39	    0
19890313	   89	   28	    0
19890314	   72	  -22	    0
19890315	  111	  -89	    0
19890316	  133	  -94	    0
19890317	  100	  -67	    0
19890318	   17	 -122	    0
19890319	   61	 -117	    0
19890320	  139	  -39	   30
19890321	    0	 -133	    5
19890322	   67	 -117	    0
19890323	  172	  -17	    0
19890324	  189	  -22	    0
19890325	  244	  -22	    0
19890326	  206	    0	    0
19890327	  311	    0	    0
19890328	  261	   44	    0
19890329	  244	   50	    0
19890330	  211	   39	   10
19890331	  111	  -44	    0
19890401	  167	  -33	    0
19890402	  194	  -11	    0
19890403	  222	  -11	    0
19890404	  172	   11	    0
19890405	  139	  -28	    0
19890406	  172	  -28	    0
19890407	  189	   17	    0
19890408	  272	   -6	    0
19890409	   83	   -6	    0
19890410	   50	  -89	    0
19890411	   83	  -94	    0
19890412	  156	  -94	    0
19890413	  172	  -39	    0
19890414	  211	   -6	    0
19890415	  194	  -39	    0
19890416	  222	  -17	    0
19890417	  278	   72	    0
19890418	  133	   22	    0
19890419	  156	  -28	    0
19890420	  256	  -28	    0
19890421	  294	   72	    0
19890422	  333	   78	    0
19890423	  367	  144	    0
19890424	  344	  100	    0
19890425	  317	  122	    0
19890426	  317	  100	    0
19890427	  344	   94	    0
19890428	  328	   39	    0
19890429	  206	   28	    0
19890430	  172	   28	    0
19890501	  122	  -22	   25
19890502	  167	  -22	    0
19890503	  194	   39	    0
19890504	  122	   50	   61
19890505	  228	   56	    0
19890506	  172	   -6	    0
19890507	  206	    0	    0
19890508	  294	   33	    0
19890509	  300	   83	    0
19890510	  189	    6	    0
19890511	  233	    6	    0
19890512	  233	  122	    0
19890513	  133	  111	   71
19890514	  211	   83	    0
19890515	  250	  122	    0
19890516	  233	  122	    0
19890517	  244	  133	    3
19890518	  194	  150	   89
19890519	  222	  100	    0
19890520	  267	  100	    0
19890521	  250	  117	  191
19890522	  250	  117	    0
19890523	  289	  144	    0
19890524	  328	  178	    0
19890525	  300	  106	    0
19890526	  256	  106	    0
19890527	  194	   39	    0
19890528	  239	   83	    0
19890529	  350	  172	    0
19890530	  361	  161	    0
19890531	  244	  111	    0
19890601	  150	   94	    0
19890602	  239	   78	    0
19890603	  283	  117	  137
19890604	  222	  122	    0
19890605	  217	   83	    0
19890606	  256	  100	    0
19890607	  294	  128	    8
19890608	  294	  133	   84
19890609	  233	  111	    0
19890610	  211	  111	   23
19890611	  217	  111	   30
19890612	  250	  156	    0
19890613	  278	  106	    0
19890614	  261	   50	    0
19890615	  150	   61	    0
19890616	  228	   94	    0
19890617	  278	  144	    0
19890618	  294	  111	    0
19890619	  306	  156	    0
19890620	  361	  200	    0
19890621	  383	  222	    0
19890622	  272	  128	   25
19890623	  211	   78	    0
19890624	  233	   78	    0
19890625	  267	-9999	  549
19890626	  289	  156	   15
19890627	  272	  156	    0
19890628	  289	  156	    0
19890629	  294	  167	    0
19890630	  300	  167	    0
19890701	  283	  172	  284
19890702	  294	  172	  414
19890703	  300	  178	    0
19890704	  311	  178	    0
19890705	  317	  194	    0
19890706	  328	  189	    0
19890707	  344	  189	    0
19890708	  339	  183	    0
19890709	  350	  189	    0
19890710	  361	  200	    0
19890711	  344	  217	   20
19890712	  328	  200	   23
19890713	  306	  211	    0
19890714	  272	  194	    0
19890715	  300	  167	  338
19890716	  211	  156	    0
19890717	  211	  156	    0
19890718	  294	  178	  236
19890719	  261	  167	    0
19890720	  272	  139	    0
19890721	  261	  139	    0
19890722	  267	  144	    0
19890723	  256	  150	    0
19890724	  256	  150	    0
19890725	  278	  150	    0
19890726	  289	  183	    0
19890727	  311	  183	    0
19890728	  317	  194	    0
19890729	  322	  217	    0
19890730	  367	  211	    0
19890731	  344	  189	  648
19890801	  261	  189	    0
19890802	  300	  206	    0
19890803	  311	  217	    0
19890804	  333	  200	    0
19890805	  367	  183	    0
19890806	  333	  183	    0
19890807	  289	   94	    0
19890808	  222	   72	    0
19890809	  267	   94	    0
19890810	  294	  111	    0
19890811	  250	  150	    0
19890812	  267	  167	    0
19890813	  261	  156	    0
19890814	  267	  156	    0
19890815	  294	  167	    0
19890816	  250	  133	    5
19890817	  278	  161	    0
19890818	  289	  167	    0
19890819	  300	  167	  201
19890820	  278	  172	    0
19890821	  294	  194	    0
19890822	  306	  172	    0
19890823	  267	  161	    0
19890824	  311	  167	    0
19890825	  289	  178	  668
19890826	  300	  183	    0
19890827	  294	  211	    0
19890828	  228	  189	  193
19890829	  278	  194	    0
19890830	  272	  194	    0
19890831	  283	  200	    0
19890901	  328	  178	    0
19890902	  272	  150	    0
19890903	  261	  156	    0
19890904	  300	  189	    0
19890905	  261	  183	    0
19890906	  256	  189	    0
19890907	  317	  217	    0
19890908	  333	  178	  102
19890909	  222	   78	   13
19890910	  200	   78	    0
19890911	  200	   56	    0
19890912	  128	   50	  203
19890913	   72	   50	   91
19890914	  122	   56	    0
19890915	  189	   44	    0
19890916	  217	   61	    0
19890917	  283	   61	    0
19890918	  306	  128	    0
19890919	  289	  161	    0
19890920	  278	  172	    0
19890921	  283	  144	    0
19890922	  200	   78	    0
19890923	  228	  -11	    0
19890924	  128	  -11	    0
19890925	  183	    6	    0
19890926	  244	   28	    0
19890927	  244	   33	    0
19890928	  228	   67	    0
19890929	  283	   61	    0
19890930	  278	   83	    0
19891001	  283	   72	    0
19891002	  278	   44	    0
19891003	  150	   22	    0
19891004	  122	   22	    0
19891005	  228	   50	    3
19891006	  206	   67	    0
19891007	  189	   44	    0
19891008	  128	    6	   25
19891009	  239	   44	    0
19891010	  244	   17	    0
19891011	  267	   11	    0
19891012	  328	   72	    0
19891013	  272	   50	    0
19891014	  300	   44	    0
19891015	  267	   72	    0
19891016	  233	   61	    0
19891017	   61	    6	   30
19891018	   94	  -33	    0
19891019	   83	  -89	    0
19891020	   89	  -89	    0
19891021	  244	  -89	    0
19891022	  256	   -6	    0
19891023	  244	   11	    0
19891024	  267	   17	    0
19891025	  261	   22	    0
19891026	  283	  139	    0
19891027	  222	   44	  132
19891028	  194	   39	    0
19891029	  194	   78	    3
19891030	  133	    6	    0
19891031	   78	  -56	    0
19891101	  128	  -56	    0
19891102	   22	  -94	    0
19891103	  100	  -56	    0
19891104	  144	  -22	    0
19891105	  206	  -11	    0
19891106	  133	    6	    0
19891107	  144	  -44	    0
19891108	  156	  -33	    0
19891109	  111	  -33	    0
19891110	  172	   22	    0
19891111	  206	   22	    0
19891112	  200	    0	    0
19891113	  172	   22	    0
19891114	  122	  -56	    0
19891115	  111	  -61	    0
19891116	  111	 -144	    0
19891117	   33	 -144	    0
19891118	  117	  -94	    0
19891119	  117	  -56	    0
19891120	  233	  -33	    0
19891121	  161	  -61	    0
19891122	   94	  -50	    0
19891123	    6	 -128	    0
19891124	   89	 -111	    0
19891125	  122	 -111	    0
19891126	  144	 -111	    0
19891127	  111	  -33	    0
19891128	   11	 -144	    0
19891129	   33	 -139	    0
19891130	  122	 -100	    0
19891201	  144	 -100	    0
19891202	  144	 -106	    0
19891203	   33	 -150	    0
19891204	   94	 -139	    0
19891205	  167	  -28	    0
19891206	  200	   17	    5
19891207	   39	  -22	    0
19891208	   17	 -117	    0
19891209	   61	  -56	    0
19891210	  128	  -22	    0
19891211	  -22	 -122	    0
19891212	  -94	 -194	    0
19891213	   50	 -172	    0
19891214	  -67	 -122	    0
19891215	  -44	 -278	   13
19891216	 -156	 -300	    0
19891217	 -106	 -261	    0
19891218	  -72	 -261	    0
19891219	  -83	 -278	   23
19891220	 -133	 -278	    0
19891221	 -144	 -233	    8
19891222	 -217	 -361	    0
19891223	 -217	 -361	    0
19891224	   39	 -261	    0
19891225	   67	  -22	    0
19891226	   94	  -61	    0
19891227	  106	  -39	    0
19891228	  111	  -22	    0
19891229	  122	  -22	    0
19891230	  -17	  -44	    0
19891231	   44	  -67	    0
19900101	   39	 -139	    0
19900102	   78	 -128	    0
19900103	  100	  -56	    0
19900104	   56	  -83	    0
19900105	   50	 -117	    0
19900106	   83	 -117	    0
19900107	  106	 -100	    0
19900108	  139	  -78	    0
19900109	  156	  -28	    0
19900110	  122	  -33	    0
19900111	  244	  -33	    0
19900112	   78	 -100	    0
19900113	   17	 -106	    0
19900114	   94	  -56	    0
19900115	  167	  -50	    0
19900116	  150	  -67	    0
19900117	   72	  -72	    0
19900118	   78	  -89	    0
19900119	   17	  -83	    0
19900120	  -11	  -44	   94
19900121	  -22	 -150	    0
19900122	   28	 -139	    0
19900123	   72	  -61	    0
19900124	   61	  -28	    0
19900125	   22	 -106	    0
19900126	   89	 -106	    0
19900127	  117	 -106	    0
19900128	   17	 -117	    0
19900129	   61	 -100	    0
19900130	  100	 -100	    0
19900131	   17	  -61	    0
19900201	  100	  -94	    0
19900202	  -67	 -106	    0
19900203	  -61	 -128	    5
19900204	   44	 -117	    0
19900205	  133	 -106	    0
19900206	   89	  -28	    0
19900207	   94	  -56	    0
19900208	  122	  -33	    0
19900209	   61	  -61	    0
19900210	   89	  -61	    0
19900211	  144	  -33	    0
19900212	  183	   -6	    0
19900213	  161	  -44	    0
19900214	  -33	 -106	    0
19900215	  -94	 -111	   13
19900216	  -67	 -144	    0
19900217	  -39	 -144	    0
19900218	   78	  -94	    0
19900219	   56	 -100	    0
19900220	   78	  -83	    0
19900221	   17	  -44	    0
19900222	   67	    6	    0
19900223	   94	  -33	    0
19900224	  172	  -33	    0
19900225	   56	  -78	    0
19900226	   61	  -83	    0
19900227	  139	  -67	    0
19900228	   56	  -56	    0
19900301	   78	 -100	    0
19900302	  128	  -89	    0
19900303	-9999	-9999	    0
19900304	-9999	-9999	    0
19900305	  172	    0	    0
19900306	  139	   -6	   33
19900307	   61	   39	  401
19900308	   72	    6	   64
19900309	  150	    6	    0
19900310	  200	    6	    5
19900311	  217	  100	    0
19900312	  178	   78	   64
19900313	  211	   89	    0
19900314	  211	   22	  160
19900315	  100	   11	    0
19900316	  117	  -11	    5
19900317	  122	  -11	   10
19900318	  139	   -6	    0
19900319	  100	  -78	    0
19900320	  117	  -78	    0
19900321	  228	    6	    0
19900322	  228	   39	   13
19900323	  111	  -67	    0
19900324	  -56	 -100	   46
19900325	  -22	 -100	    0
19900326	   89	  -50	    0
19900327	  117	  -50	    0
19900328	  106	  -11	    0
19900329	   56	   11	   89
19900330	   56	   17	    3
19900331	   56	   22	   10
19900401	  150	   11	    0
19900402	  133	  -11	    0
19900403	  133	  -17	    0
19900404	  194	  -11	    0
19900405	  128	   -6	   25
19900406	   61	  -56	    0
19900407	   61	  -61	    0
19900408	  183	  -50	    0
19900409	  200	   61	    0
19900410	  161	   17	   20
19900411	  106	  -61	    0
19900412	   44	  -67	    0
19900413	   33	  -67	   10
19900414	  172	  -28	    0
19900415	  244	   -6	    0
19900416	  183	   83	    0
19900417	  194	   11	    0
19900418	   61	   11	    0
19900419	  133	   44	    0
19900420	  161	   67	    0
19900421	  228	   50	    0
19900422	  256	   83	    0
19900423	  306	  139	    0
19900424	  283	  139	    0
19900425	  283	  133	   51
19900426	  283	  117	    8
19900427	  228	   78	   28
19900428	  150	  -11	    0
19900429	  189	  -11	    0
19900430	  100	   22	    0
19900501	  161	    0	    0
19900502	  156	    0	    0
19900503	  156	   72	    0
19900504	   89	   56	  267
19900505	  206	   67	   10
19900506	  183	   22	   23
19900507	  233	   28	    0
19900508	  283	  111	    0
19900509	  228	   67	  523
19900510	  133	   11	   51
19900511	  161	   11	    0
19900512	  128	   17	  102
19900513	  128	   17	   15
19900514	  200	   56	   13
19900515	  206	   83	   36
19900516	  217	  111	    0
19900517	  167	   39	   15
19900518	  217	   39	    0
19900519	  233	   89	   99
19900520	  211	   78	    0
19900521	  106	   78	   20
19900522	  233	   78	    0
19900523	  261	  117	    0
19900524	  278	  156	   20
19900525	  200	  144	    0
19900526	  267	  144	    0
19900527	  250	  133	    0
19900528	  211	  117	    0
19900529	  233	  100	    0
19900530	  217	  100	  221
19900531	  194	  133	   23
19900601	  211	  139	    0
19900602	  289	  100	  124
19900603	  222	  111	    0
19900604	  217	   67	    0
19900605	  294	   72	    0
19900606	  272	  128	  135
19900607	  250	  139	    0
19900608	  256	  122	  160
19900609	  267	  117	    0
19900610	  289	  139	    0
19900611	  272	  200	    5
19900612	  339	  217	    0
19900613	  317	  189	    0
19900614	  322	  194	    0
19900615	  311	  156	  114
19900616	  317	  167	    0
19900617	  311	  139	  323
19900618	  294	  156	    0
19900619	  333	  189	  165
19900620	  333	  172	    0
19900621	  289	  167	    0
19900622	  256	  106	   13
19900623	  256	  106	    0
19900624	  272	  122	    0
19900625	  322	  172	    0
19900626	  356	  194	  119
19900627	  322	  194	    0
19900628	  339	  211	    0
19900629	  372	  211	    0
19900630	  356	  222	    0
19900701	  344	  217	    0
19900702	  383	  200	    0
19900703	  406	  189	    0
19900704	  394	  233	    0
19900705	  361	  189	    0
19900706	  244	  194	    0
19900707	  367	  211	    0
19900708	  383	  211	    0
19900709	  311	  178	    0
19900710	  300	  183	   10
19900711	  300	  150	   13
19900712	  294	  133	    0
19900713	  294	  100	    0
19900714	  233	   61	    0
19900715	  267	   67	    0
19900716	  328	  100	    0
19900717	  328	  178	    0
19900718	  333	  194	    0
19900719	  339	  217	    0
19900720	  294	  189	  140
19900721	  289	  178	   15
19900722	  244	  139	    0
19900723	  233	  111	    0
19900724	  289	  111	    0
19900725	  294	  178	   71
19900726	  283	  167	 1054
19900727	  311	  183	    0
19900728	  300	  167	    0
19900729	  289	  183	    0
19900730	  317	  156	    0
19900731	  256	  139	    0
19900801	-9999	-9999	-9999
19900802	-9999	-9999	-9999
19900803	-9999	  172	  655
19900804	  278	  161	    5
19900805	  267	  122	    0
19900806	  239	  106	    0
19900807	  250	  133	    0
19900808	  261	  150	    0
19900809	  289	  150	    0
19900810	  300	  150	    0
19900811	  294	  167	   64
19900812	  261	  167	  526
19900813	  244	  128	    0
19900814	  261	  144	    0
19900815	  250	  172	  157
19900816	  261	  178	  411
19900817	  311	  194	    0
19900818	  322	  211	    0
19900819	  300	  189	  279
19900820	  256	  167	    0
19900821	  267	  167	    0
19900822	  289	  172	    0
19900823	  328	  200	    0
19900824	  333	  178	  224
19900825	  356	  178	    0
19900826	  367	  200	    0
19900827	  350	  183	    0
19900828	  361	  161	    0
19900829	  339	  172	    0
19900830	-9999	-9999	-9999
19900831	-9999	-9999	-9999
